id,city,category,question_type,n_options,raw_mae_pp,calibrated_mae_pp,source_url,question,options,ground_truth,raw_prediction,calibrated_prediction
col_dewine_approval_2025,columbus,political_approval,approval,3,8.03,15.77,,Do you approve or disapprove of Governor Mike DeWine's job performance?,"[""Approve"", ""Disapprove"", ""Undecided""]","[0.26, 0.45, 0.29]","[0.3804, 0.336, 0.2836]","[0.4965, 0.3662, 0.1373]"
col_dewine_approval_2024,columbus,political_approval,approval,3,4.85,5.83,,Do you approve or disapprove of Governor Mike DeWine's job performance?,"[""Approve"", ""Disapprove"", ""Undecided""]","[0.41, 0.37, 0.22]","[0.3836, 0.3235, 0.2928]","[0.4974, 0.3404, 0.1621]"
col_trump_approval_2025,columbus,political_approval,approval,3,12.63,4.61,,Do you approve or disapprove of President Donald Trump's job performance?,"[""Approve"", ""Disapprove"", ""Undecided""]","[0.46, 0.48, 0.06]","[0.3123, 0.4382, 0.2495]","[0.4031, 0.4677, 0.1291]"
col_brown_approval_2024,columbus,political_approval,approval,3,6.24,4.18,,Do you approve or disapprove of Senator Sherrod Brown's job performance?,"[""Approve"", ""Disapprove"", ""Undecided""]","[0.47, 0.32, 0.21]","[0.3764, 0.3461, 0.2775]","[0.4821, 0.3706, 0.1472]"
quinnipiac_warnock_approval_2023,atlanta,political_approval,job approval,3,9.87,2.09,,Do you approve or disapprove of Senator Raphael Warnock's job performance?,"[""Approve"", ""Disapprove"", ""No opinion""]","[0.49, 0.39, 0.12]","[0.394, 0.338, 0.268]","[0.5027, 0.3587, 0.1386]"
quinnipiac_ossoff_approval_2023,atlanta,political_approval,job approval,3,6.3,6.32,,Do you approve or disapprove of Senator Jon Ossoff's job performance?,"[""Approve"", ""Disapprove"", ""No opinion""]","[0.42, 0.39, 0.19]","[0.3962, 0.3194, 0.2844]","[0.5148, 0.3479, 0.1372]"
emerson_ossoff_2026_election,atlanta,political_approval,election matchup,3,11.98,6.52,,"If the election were held today, who would you vote for in the Senate race between Jon Ossoff and Buddy Carter?","[""Jon Ossoff"", ""Buddy Carter"", ""Undecided""]","[0.47, 0.44, 0.09]","[0.4152, 0.3151, 0.2697]","[0.5316, 0.3422, 0.1262]"
ajc_immigration_jan2025,atlanta,policy,policy,3,9.23,1.95,https://www.ajc.com/news/georgia-news/ajc-poll-most-georgia-voters-reject-mass-deportations/,"Should unauthorized immigrants be able to stay in the country legally if certain requirements are met, or should the government round up and deport most unauthorized immigrants?","[""Allow to stay with requirements"", ""Round up and deport"", ""Not sure""]","[0.57, 0.37, 0.06]","[0.4334, 0.368, 0.1985]","[0.5408, 0.3728, 0.0864]"
columbus_crisis_response_amendment_2026,columbus,civic_legal,civic,3,15.55,7.25,https://www.acluohio.org/press-releases/breaking-columbus-safety-collective-campaign-and-columbus-elected-officials-reach-historic-agreement-placing-unified-crisis-response-proposal-on-may-ballot/,"Would you vote yes on a Community Crisis Response Amendment that would create a community crisis response system fully integrated into the City's 911 response system, enabling non-police community crisis response workers including trained social workers, behavioral health professionals, peer supporters, and EMTs to respond to certain mental health and substance abuse emergencies instead of police officers?","[""Yes"", ""No"", ""Undecided/No Opinion""]","[0.68, 0.32, 0.0]","[0.4704, 0.2963, 0.2333]","[0.5892, 0.3021, 0.1087]"
columbus_housing_density_survey_2024,columbus,civic_legal,civic,3,20.07,11.69,https://columbusunderground.com/new-survey-shows-broad-support-for-denser-housing-in-all-types-of-neighborhoods-bw1/,Do you support building new housing including duplexes and townhome developments in existing neighborhoods to address housing supply needs?,"[""Support"", ""Oppose"", ""Neutral/Unsure""]","[0.78, 0.15, 0.07]","[0.479, 0.2606, 0.2605]","[0.6046, 0.2785, 0.1169]"
dallas_police_reform_preferences_2021,dallas,civic_legal,civic,3,3.49,7.28,https://www.cambridge.org/core/journals/journal-of-experimental-political-science/article/police-shooting-statistics-and-public-support-for-police-reforms/FC2F0F209FAC53F19B0A284C00FCEEDE,Do you support reducing qualified immunity protections for police officers?,"[""Support"", ""Oppose"", ""Unsure""]","[0.45, 0.35, 0.2]","[0.4402, 0.3074, 0.2524]","[0.5592, 0.3143, 0.1265]"
acsi_full_service_restaurant_2025,columbus,brand,brand_national,3,4.68,10.49,,Rate your satisfaction with these full-service restaurants (100-point scale),"[""Texas Roadhouse"", ""LongHorn Steakhouse"", ""Other full-service chains""]","[0.3373, 0.3333, 0.3293]","[0.3796, 0.2631, 0.3573]","[0.4947, 0.2898, 0.2155]"
jd_power_premium_suv_loyalty_2024,dallas,brand,brand_national,3,9.57,4.17,,Which premium SUV brand did you choose when trading in or purchasing your next vehicle?,"[""Lexus"", ""BMW"", ""Other Premium SUV Brands""]","[0.4013, 0.372, 0.2267]","[0.3466, 0.2831, 0.3703]","[0.4572, 0.3094, 0.2334]"
jd_power_mass_market_car_loyalty_2024,dallas,brand,brand_national,3,8.8,10.29,,Which mass market car brand did you choose when trading in or purchasing your next vehicle?,"[""Toyota"", ""Honda"", ""Other Mass Market Car Brands""]","[0.4167, 0.392, 0.1913]","[0.4435, 0.26, 0.2965]","[0.571, 0.2849, 0.1441]"
jd_power_truck_loyalty_2024,dallas,brand,brand_national,3,9.63,8.6,,Which truck brand did you choose when trading in or purchasing your next vehicle?,"[""Ford"", ""Toyota"", ""Other Truck Brands""]","[0.434, 0.4053, 0.1607]","[0.4402, 0.2608, 0.299]","[0.563, 0.2765, 0.1605]"
us_mayors_economic_trends_housing_2025,columbus,directional,directional,3,16.02,7.46,,Are current economic trends worsening housing affordability in your community?,"[""Yes"", ""No"", ""Unsure""]","[0.67, 0.33, 0.0]","[0.5061, 0.2537, 0.2402]","[0.6317, 0.2564, 0.1119]"
ga_pres_2020_polls,atlanta,electoral,electoral,3,15.73,8.33,,"If the 2020 Presidential Election were held today, who would you vote for?","[""Joe Biden"", ""Donald Trump"", ""Other/Undecided""]","[0.476, 0.472, 0.052]","[0.3882, 0.3237, 0.288]","[0.4979, 0.3471, 0.155]"
ga_senate_ossoff_2021_polls,atlanta,electoral,electoral,3,13.63,7.41,,"If the Georgia Senate Runoff Election were held today, who would you vote for?","[""Jon Ossoff"", ""David Perdue"", ""Other/Undecided""]","[0.474, 0.463, 0.063]","[0.4003, 0.3323, 0.2674]","[0.5103, 0.3519, 0.1378]"
ga_pres_2024_polls,atlanta,electoral,electoral,3,20.79,11.89,,"If the 2024 Presidential Election were held today, who would you vote for?","[""Donald Trump"", ""Kamala Harris"", ""Other/Undecided""]","[0.4885, 0.489, 0.0225]","[0.3174, 0.3483, 0.3343]","[0.4142, 0.385, 0.2009]"
atlanta_mayor_2021_polls,atlanta,electoral,electoral,3,15.83,7.77,,"If the Atlanta Mayoral Runoff Election were held today, who would you vote for?","[""Andre Dickens"", ""Felicia Moore"", ""Undecided""]","[0.4, 0.46, 0.14]","[0.3271, 0.2955, 0.3774]","[0.4379, 0.3434, 0.2188]"
ga_senate_warnock_2022_polls,atlanta,electoral,electoral,3,14.09,7.29,,"If the Georgia Senate Election were held today, who would you vote for?","[""Raphael Warnock"", ""Herschel Walker"", ""Other/Undecided""]","[0.474, 0.483, 0.043]","[0.3962, 0.3496, 0.2543]","[0.5107, 0.3737, 0.1156]"
oh_pres_2024_polls,columbus,electoral,electoral,3,16.95,8.61,,"If the 2024 presidential election were held today, who would you vote for?","[""Donald Trump"", ""Kamala Harris"", ""Other/Undecided""]","[0.52, 0.443, 0.037]","[0.3165, 0.3922, 0.2913]","[0.4178, 0.4161, 0.1661]"
bgsu_ohio_economy_oct2025,columbus,policy,policy,3,9.59,6.19,,"Compared to a year ago, do you think the economy has gotten better, gotten worse, or stayed about the same?","[""Gotten better"", ""Gotten worse"", ""Stayed about the same""]","[0.28, 0.55, 0.17]","[0.2624, 0.4237, 0.3139]","[0.3522, 0.4572, 0.1906]"
hart_research_ohio_housing_government_aug2024,columbus,policy,policy,3,20.64,12.33,,Do you support or oppose government action to address the housing affordability crisis?,"[""Support"", ""Oppose"", ""Not sure""]","[0.8, 0.15, 0.05]","[0.4904, 0.2607, 0.2489]","[0.615, 0.2763, 0.1087]"
hart_research_ohio_housing_rent_protection_aug2024,columbus,policy,policy,3,30.46,22.33,,"Do you support or oppose policies that protect renters from excessive rent increases, unfair evictions, harassment, and discrimination by landlords?","[""Support"", ""Oppose"", ""Not sure""]","[0.92, 0.05, 0.03]","[0.4632, 0.284, 0.2529]","[0.585, 0.2896, 0.1255]"
hart_research_ohio_housing_emergency_assistance_aug2024,columbus,policy,policy,3,26.79,18.77,,Do you support or oppose policies providing emergency assistance to help cover rent if low-income households face unexpected hardship such as job loss or medical emergency?,"[""Support"", ""Oppose"", ""Not sure""]","[0.89, 0.07, 0.04]","[0.4881, 0.2635, 0.2484]","[0.6084, 0.2725, 0.119]"
hart_research_ohio_housing_affordable_construction_aug2024,columbus,policy,policy,3,25.57,17.36,,Do you support or oppose policies that expand investments to build more rental homes affordable for lowest-income people?,"[""Support"", ""Oppose"", ""Not sure""]","[0.84, 0.11, 0.05]","[0.4564, 0.2801, 0.2634]","[0.5796, 0.3007, 0.1196]"
hart_research_ohio_housing_rental_assistance_aug2024,columbus,policy,policy,3,24.86,16.62,,Do you support or oppose policies that expand rental assistance to help households with the lowest incomes afford housing?,"[""Support"", ""Oppose"", ""Not sure""]","[0.84, 0.11, 0.05]","[0.4671, 0.2655, 0.2673]","[0.5907, 0.2754, 0.1339]"
tx_abortion_health_emergency_2024,dallas,policy,policy,3,25.36,17.38,https://texaspolitics.utexas.edu/blog/texas-views-abortion-economy-and-guns-february-2024-uttexas-politics-project-poll,Should a woman have access to a legal abortion if the woman's health is seriously endangered?,"[""Yes, should have access"", ""No, should not have access"", ""Don't know""]","[0.85, 0.1, 0.05]","[0.4696, 0.2966, 0.2338]","[0.5893, 0.3113, 0.0994]"
emerson_ossoff_carter_matchup_2026,atlanta,political_approval,approval,3,11.62,5.87,,"If the 2026 Senate election were held today, would you vote for Democrat Jon Ossoff or Republican Buddy Carter?","[""Jon Ossoff"", ""Buddy Carter"", ""Undecided""]","[0.47, 0.44, 0.09]","[0.3958, 0.34, 0.2642]","[0.5097, 0.352, 0.1383]"
emerson_ossoff_collins_matchup_2026,atlanta,political_approval,approval,3,11.8,5.12,,"If the 2026 Senate election were held today, would you vote for Democrat Jon Ossoff or Republican Mike Collins?","[""Jon Ossoff"", ""Mike Collins"", ""Undecided""]","[0.48, 0.43, 0.09]","[0.3998, 0.3332, 0.2671]","[0.5088, 0.3532, 0.138]"
emerson_ossoff_dooley_matchup_2026,atlanta,political_approval,approval,3,11.15,4.37,,"If the 2026 Senate election were held today, would you vote for Democrat Jon Ossoff or Republican Derek Dooley?","[""Jon Ossoff"", ""Derek Dooley"", ""Undecided""]","[0.49, 0.41, 0.1]","[0.4003, 0.3324, 0.2673]","[0.5151, 0.3445, 0.1404]"
club_for_growth_ossoff_kemp_matchup_2026,atlanta,political_approval,approval,3,8.24,6.22,,"If the 2026 Senate election were held today, would you vote for Democrat Jon Ossoff or Republican Brian Kemp?","[""Jon Ossoff"", ""Brian Kemp"", ""Undecided""]","[0.4, 0.46, 0.14]","[0.3869, 0.3494, 0.2636]","[0.4933, 0.3706, 0.1361]"
atlanta_council_president_election_2025,atlanta,political_approval,approval,3,23.03,12.44,,Who do you vote for in the 2025 Atlanta City Council President election?,"[""Marci Collier Overstreet"", ""Rohit Malhotra"", ""Other""]","[0.54, 0.4565, 0.0035]","[0.3507, 0.3003, 0.3489]","[0.4695, 0.3404, 0.1901]"
metro_atlanta_speaks_biggest_problem_2025,atlanta,political_approval,approval,3,11.54,20.29,,What do you think is the biggest problem facing the metro Atlanta region?,"[""Housing affordability"", ""Traffic"", ""Other issues""]","[0.28, 0.24, 0.48]","[0.3151, 0.378, 0.307]","[0.408, 0.4163, 0.1757]"
metro_atlanta_speaks_future_outlook_2025,atlanta,political_approval,approval,3,7.66,17.85,,"Do you believe living conditions in metro Atlanta will improve, worsen, or stay the same over the next 3-4 years?","[""Improve"", ""Stay the same"", ""Worsen""]","[0.27, 0.27, 0.46]","[0.3031, 0.3519, 0.3451]","[0.403, 0.4047, 0.1922]"
metro_atlanta_speaks_moving_intention_2025,atlanta,political_approval,approval,3,15.27,12.7,,"If given the opportunity, would you move away from Metro Atlanta?","[""Yes"", ""No"", ""Unsure""]","[0.34, 0.66, 0.0]","[0.3152, 0.4557, 0.2291]","[0.4141, 0.4695, 0.1164]"
metro_atlanta_speaks_job_prospects_2025,atlanta,political_approval,approval,3,21.16,12.53,,Is it currently a good or bad time to find a well-paying job in metro Atlanta?,"[""Good time"", ""Bad time"", ""Unsure""]","[0.47, 0.53, 0.0]","[0.3243, 0.3583, 0.3174]","[0.428, 0.384, 0.188]"
emerson_dewine_approval_dec_2025,columbus,political_approval,approval,3,8.86,16.58,https://emersoncollegepolling.com/ohio-2026-poll-democrats-make-gains-in-races-for-governor-and-us-senate/,Do you approve or disapprove of the job Mike DeWine is doing as Governor?,"[""Approve"", ""Disapprove"", ""Unsure/No opinion""]","[0.26, 0.45, 0.29]","[0.3898, 0.3171, 0.293]","[0.5087, 0.3474, 0.1439]"
emerson_dewine_approval_aug_2025,columbus,political_approval,approval,3,4.41,9.24,,Do you approve or disapprove of the job Mike DeWine is doing as Governor?,"[""Approve"", ""Disapprove"", ""Unsure/No opinion""]","[0.35, 0.4, 0.25]","[0.3771, 0.3339, 0.289]","[0.4886, 0.369, 0.1424]"
emerson_fox8_dewine_approval_2024,columbus,political_approval,approval,3,5.51,4.88,,Do you approve or disapprove of the job Mike DeWine is doing as Governor?,"[""Approve"", ""Disapprove"", ""Unsure/No opinion""]","[0.41, 0.37, 0.22]","[0.3756, 0.3218, 0.3026]","[0.4832, 0.3482, 0.1686]"
marist_ohio_governor_race_sept_2022,columbus,political_approval,approval,3,15.17,8.9,,"If the election for Governor were held today, whom would you support?","[""Mike DeWine (R)"", ""Nan Whaley (D)"", ""Undecided/Other""]","[0.55, 0.37, 0.08]","[0.3225, 0.3814, 0.2961]","[0.4166, 0.4176, 0.1658]"
marist_ohio_governor_race_likely_voters_sept_2022,columbus,political_approval,approval,3,15.74,8.0,,"If the election for Governor were held today, whom would you support?","[""Mike DeWine (R)"", ""Nan Whaley (D)"", ""Undecided/Other""]","[0.55, 0.39, 0.06]","[0.3225, 0.3814, 0.296]","[0.4301, 0.4208, 0.1492]"
marietta_times_brown_husted_senate_mar_2026,columbus,political_approval,approval,3,15.56,7.62,,"If the election for U.S. Senate were held today, whom would you support?","[""Sherrod Brown (D)"", ""Jon Husted (R)"", ""Undecided""]","[0.47, 0.45, 0.08]","[0.3711, 0.3155, 0.3134]","[0.4839, 0.3357, 0.1804]"
emerson_brown_husted_senate_dec_2025,columbus,political_approval,approval,3,16.88,8.66,,"If the election for U.S. Senate were held today, whom would you support?","[""Jon Husted (R)"", ""Sherrod Brown (D)"", ""Undecided""]","[0.49, 0.46, 0.05]","[0.2778, 0.419, 0.3032]","[0.3601, 0.4651, 0.1748]"
marist_brown_moreno_senate_june_2024,columbus,political_approval,approval,3,17.19,8.24,,"If the election for U.S. Senate were held today, whom would you support?","[""Sherrod Brown (D)"", ""Bernie Moreno (R)"", ""Undecided/Other""]","[0.5, 0.45, 0.05]","[0.3905, 0.3017, 0.3078]","[0.5016, 0.3264, 0.172]"
emerson_fox8_brown_favorability_2024,columbus,political_approval,approval,3,5.81,4.37,,Do you have a favorable or unfavorable view of Sherrod Brown?,"[""Favorable"", ""Unfavorable"", ""No opinion/Unfamiliar""]","[0.47, 0.32, 0.21]","[0.3828, 0.3432, 0.274]","[0.4894, 0.3661, 0.1445]"
emerson_fox8_larose_favorability_2024,columbus,political_approval,approval,3,2.26,12.64,,Do you have a favorable or unfavorable view of Frank LaRose?,"[""Favorable"", ""Unfavorable"", ""No opinion/Unfamiliar""]","[0.32, 0.29, 0.39]","[0.3216, 0.3223, 0.3561]","[0.4281, 0.3714, 0.2005]"
emerson_fox8_dolan_favorability_2024,columbus,political_approval,approval,3,6.32,15.51,,Do you have a favorable or unfavorable view of Matt Dolan?,"[""Favorable"", ""Unfavorable"", ""No opinion/Unfamiliar""]","[0.32, 0.21, 0.47]","[0.2997, 0.3048, 0.3955]","[0.4042, 0.3585, 0.2373]"
emerson_fox8_moreno_favorability_2024,columbus,political_approval,approval,3,9.52,20.0,,Do you have a favorable or unfavorable view of Bernie Moreno?,"[""Favorable"", ""Unfavorable"", ""No opinion/Unfamiliar""]","[0.25, 0.24, 0.51]","[0.2777, 0.3551, 0.3672]","[0.382, 0.408, 0.2101]"
emerson_trump_approval_dec_2025,columbus,political_approval,approval,3,13.4,4.25,,Do you approve or disapprove of the job Donald Trump is doing as President?,"[""Approve"", ""Disapprove"", ""Unsure/No opinion""]","[0.46, 0.48, 0.06]","[0.3308, 0.4082, 0.261]","[0.4278, 0.4485, 0.1237]"
emerson_trump_approval_aug_2025,columbus,political_approval,approval,3,11.47,5.02,,Do you approve or disapprove of the job Donald Trump is doing as President?,"[""Approve"", ""Disapprove"", ""Unsure/No opinion""]","[0.49, 0.42, 0.09]","[0.3233, 0.4146, 0.2621]","[0.4147, 0.4476, 0.1378]"
sna_visit_frequency_suburban_2023,columbus,brand,behavioral,3,15.18,25.81,https://shortnorth.org/wp-content/uploads/2024/02/Media-Deck-SNA-Market-and-Consumer-Study-Final.pdf,"Compared to a few years ago, are you more likely or less likely to visit the Short North Arts District?","[""More likely to visit"", ""About the same"", ""Less likely to visit""]","[0.15, 0.21, 0.64]","[0.2458, 0.3419, 0.4123]","[0.3451, 0.402, 0.2529]"
sna_dining_out_frequency_2023,columbus,brand,behavioral,3,2.5,5.32,https://shortnorth.org/wp-content/uploads/2024/02/Media-Deck-SNA-Market-and-Consumer-Study-Final.pdf,"Compared to before the pandemic, do you dine out and go out more often, about the same, or less often?","[""More often"", ""About the same"", ""Less often""]","[0.2, 0.4, 0.4]","[0.1899, 0.3726, 0.4375]","[0.2599, 0.4199, 0.3203]"
sna_local_business_perception_2023,columbus,brand,agreement,3,21.64,16.27,https://shortnorth.org/wp-content/uploads/2024/02/Media-Deck-SNA-Market-and-Consumer-Study-Final.pdf,"Do you believe that a majority of the businesses in the Short North Arts District are locally owned and operated, or do you think most are chains or franchises?","[""Mostly locally owned"", ""A mix of both"", ""Mostly chains or franchises""]","[0.6, 0.3, 0.1]","[0.2754, 0.494, 0.2305]","[0.3559, 0.5399, 0.1042]"
sna_economic_impact_awareness_2023,columbus,brand,knowledge,3,11.07,4.23,https://shortnorth.org/wp-content/uploads/2024/02/Media-Deck-SNA-Market-and-Consumer-Study-Final.pdf,The Short North Arts District generates significant economic activity for the Columbus region. How would you describe its economic impact?,"[""Major economic driver for Columbus"", ""Moderate contributor"", ""Minor or negligible impact""]","[0.55, 0.35, 0.1]","[0.3839, 0.3877, 0.2284]","[0.4865, 0.404, 0.1094]"
atlanta_journal_constitution_trump_approval_2025,atlanta,political_approval,policy approval,4,15.35,19.84,,Do you approve or disapprove of President Trump's actions during his initial 100 days in office?,"[""Strongly approve"", ""Somewhat approve"", ""Somewhat disapprove"", ""Strongly disapprove""]","[0.0526, 0.1053, 0.2632, 0.5789]","[0.236, 0.2289, 0.2113, 0.3237]","[0.301, 0.2536, 0.2185, 0.2269]"
yougov_grocery_store_ratings_2025,dallas,brand,popularity,4,7.94,4.26,,What is the familiarity and popularity of major grocery retailers?,"[""Aldi"", ""Trader Joe's"", ""7-Eleven"", ""Kroger""]","[0.2642, 0.252, 0.248, 0.2358]","[0.2044, 0.1882, 0.2128, 0.3946]","[0.2561, 0.1898, 0.233, 0.3211]"
gallup_healthcare_concern_2026,columbus,policy,multiple_choice,4,10.53,4.75,,How much do you worry about accessing and affording healthcare?,"[""Great deal"", ""Fair amount"", ""Not much"", ""Not at all""]","[0.61, 0.23, 0.12, 0.04]","[0.3994, 0.317, 0.1677, 0.1159]","[0.515, 0.293, 0.1409, 0.0511]"
tx_abortion_stringency_2024,dallas,policy,policy,4,7.72,7.29,https://texaspolitics.utexas.edu/blog/texas-views-abortion-economy-and-guns-february-2024-uttexas-politics-project-poll,"Do you think abortion laws in Texas should be made more strict, less strict, or left as they are now?","[""More strict"", ""Left as they are now"", ""Less strict"", ""Don't know/Not sure""]","[0.27, 0.21, 0.45, 0.07]","[0.2506, 0.2679, 0.315, 0.1665]","[0.3227, 0.2744, 0.3042, 0.0986]"
city_dallas_quality_of_life_2025,dallas,directional,rating,4,6.65,5.97,,How would you rate the quality of life in Dallas?,"[""Excellent"", ""Good"", ""Fair"", ""Poor""]","[0.15, 0.48, 0.31, 0.06]","[0.1781, 0.3818, 0.2752, 0.1648]","[0.235, 0.4052, 0.2653, 0.0945]"
city_dallas_quality_of_life_2024,dallas,directional,rating,4,7.14,5.93,,How would you rate the quality of life in Dallas?,"[""Excellent"", ""Good"", ""Fair"", ""Poor""]","[0.1188, 0.4554, 0.3564, 0.0693]","[0.1759, 0.3939, 0.2751, 0.1551]","[0.2182, 0.4272, 0.266, 0.0886]"
city_dallas_quality_of_life_2023,dallas,directional,rating,4,7.18,6.52,,How would you rate the quality of life in Dallas?,"[""Excellent"", ""Good"", ""Fair"", ""Poor""]","[0.11, 0.44, 0.37, 0.08]","[0.1759, 0.3899, 0.2765, 0.1578]","[0.2317, 0.414, 0.2655, 0.0887]"
city_dallas_workplace_perception_2025,dallas,directional,rating,4,13.23,9.33,,How would you rate Dallas as a place to work?,"[""Excellent"", ""Good"", ""Fair"", ""Poor""]","[0.36, 0.45, 0.15, 0.04]","[0.1857, 0.3598, 0.2732, 0.1813]","[0.2385, 0.385, 0.2709, 0.1057]"
city_dallas_police_visibility_2025,dallas,directional,rating,4,11.31,15.02,,How would you rate the visibility of police in neighborhoods?,"[""Excellent"", ""Good"", ""Fair"", ""Poor""]","[0.05, 0.22, 0.46, 0.27]","[0.1876, 0.3087, 0.3019, 0.2018]","[0.2415, 0.3288, 0.3052, 0.1245]"
city_dallas_major_problems_2025,dallas,directional,multiple_choice,4,5.69,6.8,,What do you consider to be major problems in Dallas?,"[""Homelessness"", ""Infrastructure and streets"", ""Crime"", ""Drugs""]","[0.3234, 0.2438, 0.2239, 0.209]","[0.2463, 0.2711, 0.3104, 0.1722]","[0.3017, 0.2779, 0.3257, 0.0948]"
dallas_community_satisfaction_2024,dallas,civic_legal,civic,4,13.4,12.29,https://dallascityhall.com/government/citymanager/Documents/Council%20Materials/Community%20Survey.pdf,How would you rate your neighborhood as a place to live?,"[""Excellent"", ""Good"", ""Fair"", ""Poor""]","[0.42, 0.24, 0.26, 0.08]","[0.1519, 0.3585, 0.3055, 0.184]","[0.1741, 0.3924, 0.329, 0.1044]"
ipsos_qsr_digital_ordering_2024,dallas,brand,brand_national,4,7.89,6.69,,Which quick-service restaurant has the best overall digital ordering experience?,"[""Panda Express"", ""Chick-fil-A (app capabilities)"", ""Whataburger (order experience)"", ""Other QSR Brands""]","[0.32, 0.28, 0.25, 0.15]","[0.181, 0.3725, 0.2311, 0.2153]","[0.2249, 0.4139, 0.233, 0.1283]"
ohio_small_business_health_2025,columbus,directional,directional,4,14.8,13.67,,How would you rate your business health?,"[""Excellent"", ""Good"", ""Fair"", ""Poor""]","[0.14, 0.57, 0.26, 0.03]","[0.1482, 0.274, 0.32, 0.2578]","[0.1726, 0.2965, 0.3577, 0.1732]"
us_mayors_resident_housing_satisfaction_2025,columbus,directional,directional,4,14.48,15.9,,How satisfied are your residents with housing affordability?,"[""Very satisfied"", ""Satisfied"", ""Dissatisfied"", ""Very dissatisfied""]","[0.0, 0.029, 0.471, 0.5]","[0.1312, 0.1874, 0.3599, 0.3215]","[0.1514, 0.1956, 0.4122, 0.2408]"
city_dallas_community_survey_2025,dallas,directional,directional,4,6.65,5.48,,How would you rate the quality of life in Dallas?,"[""Excellent"", ""Good"", ""Fair"", ""Poor""]","[0.15, 0.48, 0.31, 0.06]","[0.1781, 0.3819, 0.2751, 0.1648]","[0.2276, 0.4095, 0.2709, 0.092]"
city_dallas_community_survey_2024,dallas,directional,directional,4,6.65,5.44,,How would you rate the quality of life in Dallas?,"[""Excellent"", ""Good"", ""Fair"", ""Poor""]","[0.1287, 0.4455, 0.3564, 0.0693]","[0.1758, 0.3939, 0.2751, 0.1552]","[0.2182, 0.4272, 0.2661, 0.0886]"
city_dallas_community_survey_2023,dallas,directional,directional,4,6.68,6.02,,How would you rate the quality of life in Dallas?,"[""Excellent"", ""Good"", ""Fair"", ""Poor""]","[0.12, 0.43, 0.37, 0.08]","[0.1759, 0.3898, 0.2765, 0.1578]","[0.2317, 0.4139, 0.2656, 0.0888]"
city_dallas_community_survey_2020,dallas,directional,directional,4,6.14,5.11,,How would you rate the quality of life in Dallas?,"[""Excellent"", ""Good"", ""Fair"", ""Poor""]","[0.17, 0.5, 0.28, 0.05]","[0.1838, 0.384, 0.2732, 0.1589]","[0.2351, 0.4102, 0.2675, 0.0871]"
city_dallas_workplace_rating_2025,dallas,directional,directional,4,13.23,9.33,,How would you rate Dallas as a place to work?,"[""Excellent"", ""Good"", ""Fair"", ""Poor""]","[0.36, 0.45, 0.15, 0.04]","[0.1857, 0.3598, 0.2732, 0.1813]","[0.2288, 0.3947, 0.2743, 0.1022]"
city_dallas_workplace_rating_2024,dallas,directional,directional,4,10.71,6.95,,How would you rate Dallas as a place to work?,"[""Excellent"", ""Good"", ""Fair"", ""Poor""]","[0.33, 0.43, 0.19, 0.05]","[0.1826, 0.3631, 0.2766, 0.1777]","[0.228, 0.393, 0.2711, 0.1078]"
city_dallas_living_rating_2025,dallas,directional,directional,4,6.08,1.77,,How would you rate Dallas as a place to live?,"[""Excellent"", ""Good"", ""Fair"", ""Poor""]","[0.29, 0.42, 0.22, 0.07]","[0.212, 0.3764, 0.2442, 0.1674]","[0.2832, 0.3914, 0.2301, 0.0953]"
city_dallas_business_rating_2024,dallas,directional,directional,4,4.96,2.39,,How would you rate Dallas as a place to do business?,"[""Excellent"", ""Good"", ""Fair"", ""Poor""]","[0.2, 0.42, 0.3, 0.08]","[0.1846, 0.3604, 0.2758, 0.1792]","[0.2273, 0.3952, 0.2769, 0.1006]"
city_dallas_business_rating_2023,dallas,directional,directional,4,4.59,4.87,,How would you rate Dallas as a place to do business?,"[""Excellent"", ""Good"", ""Fair"", ""Poor""]","[0.17, 0.35, 0.37, 0.11]","[0.183, 0.3571, 0.2781, 0.1817]","[0.2253, 0.3922, 0.2799, 0.1027]"
city_dallas_safety_perceptions_2025,dallas,directional,directional,4,9.62,7.07,,How safe do you feel in restaurants and retail areas during the day?,"[""Very safe"", ""Safe"", ""Somewhat unsafe"", ""Very unsafe""]","[0.39, 0.39, 0.17, 0.05]","[0.1977, 0.4021, 0.2529, 0.1474]","[0.2486, 0.4304, 0.2395, 0.0815]"
city_dallas_fire_response_2025,dallas,directional,directional,4,10.81,6.63,,How would you rate the response time of the fire department to structure fires?,"[""Excellent"", ""Good"", ""Fair"", ""Poor""]","[0.35, 0.42, 0.18, 0.05]","[0.2173, 0.3365, 0.2498, 0.1963]","[0.2707, 0.3666, 0.2494, 0.1133]"
city_dallas_arts_culture_2025,dallas,directional,directional,4,12.79,9.7,,How would you rate the opportunities to attend arts and cultural events in Dallas?,"[""Excellent"", ""Good"", ""Fair"", ""Poor""]","[0.36, 0.43, 0.16, 0.05]","[0.1884, 0.3459, 0.2822, 0.1835]","[0.2234, 0.3726, 0.3001, 0.104]"
hart_research_ohio_housing_aug2024,columbus,policy,policy,4,17.82,12.07,,"Compared to five years ago, do you think it is harder or easier to find stable, affordable housing?","[""Harder"", ""Easier"", ""About the same"", ""Not sure""]","[0.84, 0.05, 0.08, 0.03]","[0.4835, 0.1558, 0.1714, 0.1893]","[0.5986, 0.1477, 0.1532, 0.1005]"
gallup_healthcare_concerns_apr2026,columbus,policy,policy,4,10.66,5.43,,How much do you personally worry about the availability and affordability of healthcare?,"[""Great deal"", ""Fair amount"", ""Only a little"", ""Not at all""]","[0.61, 0.23, 0.11, 0.05]","[0.3968, 0.2996, 0.1746, 0.129]","[0.5015, 0.2801, 0.16, 0.0585]"
texas_lyceum_immigration_impact_2025,dallas,policy,policy,4,5.66,4.38,,"Do you think immigration helps the United States more than it hurts, hurts more than it helps, or is it a little bit of both?","[""Helps more than hurts"", ""Hurts more than helps"", ""A little bit of both"", ""Don't know/No opinion""]","[0.32, 0.32, 0.3, 0.06]","[0.2821, 0.2446, 0.3425, 0.1308]","[0.3788, 0.2323, 0.3212, 0.0676]"
ajc_election_confidence_2025,atlanta,political_approval,approval,4,6.22,5.9,,How confident are you that the 2026 primary election will be conducted fairly and accurately?,"[""Very confident"", ""Somewhat confident"", ""Not so confident"", ""Not at all confident""]","[0.3, 0.33, 0.2, 0.17]","[0.1915, 0.3141, 0.2894, 0.205]","[0.2291, 0.3364, 0.3116, 0.1229]"
dal_eric_johnson_approval_2023,dallas,political_approval,approval,5,13.24,7.92,https://content.govdelivery.com/attachments/TXDALLAS/2023/03/15/file_attachments/2437314/Garin%20Hart%20Yang%20survey%20memo.pdf,Do you approve or disapprove of the job Eric Johnson is doing as Mayor of Dallas?,"[""Strongly approve"", ""Somewhat approve"", ""Somewhat disapprove"", ""Strongly disapprove"", ""Not sure""]","[0.42, 0.35, 0.1, 0.07, 0.06]","[0.1485, 0.2904, 0.1695, 0.1449, 0.2467]","[0.2712, 0.3009, 0.1495, 0.1115, 0.1669]"
dal_city_council_approval_2023,dallas,political_approval,approval,5,7.11,2.82,https://content.govdelivery.com/attachments/TXDALLAS/2023/03/15/file_attachments/2437314/Garin%20Hart%20Yang%20survey%20memo.pdf,Do you approve or disapprove of the job the Dallas City Council is doing?,"[""Strongly approve"", ""Somewhat approve"", ""Somewhat disapprove"", ""Strongly disapprove"", ""Not sure""]","[0.3, 0.25, 0.2, 0.1, 0.15]","[0.13, 0.2422, 0.2152, 0.1898, 0.2227]","[0.2332, 0.2702, 0.2011, 0.1492, 0.1463]"
tx_greg_abbott_approval_2025_06,dallas,political_approval,approval,5,3.77,6.28,https://texaspolitics.utexas.edu/blog/june-2025-university-of-texas-texas-politics-project-poll-economic-concerns-drag-trump-s-job-approval-underwater-in-texas-while-most-texans-oppose-ban-on-thc-products-dividing-gop-leadership,Do you approve or disapprove of the job Greg Abbott is doing as Governor of Texas?,"[""Strongly approve"", ""Somewhat approve"", ""Somewhat disapprove"", ""Strongly disapprove"", ""Not sure""]","[0.23, 0.18, 0.25, 0.2, 0.14]","[0.2062, 0.237, 0.1909, 0.2373, 0.1286]","[0.3279, 0.2391, 0.1632, 0.1834, 0.0864]"
tx_dan_patrick_approval_2025_06,dallas,political_approval,approval,5,6.01,10.67,https://texaspolitics.utexas.edu/blog/june-2025-university-of-texas-texas-politics-project-poll-economic-concerns-drag-trump-s-job-approval-underwater-in-texas-while-most-texans-oppose-ban-on-thc-products-dividing-gop-leadership,Do you approve or disapprove of the job Dan Patrick is doing as Lieutenant Governor of Texas?,"[""Strongly approve"", ""Somewhat approve"", ""Somewhat disapprove"", ""Strongly disapprove"", ""Not sure""]","[0.17, 0.13, 0.23, 0.19, 0.28]","[0.1753, 0.2534, 0.1938, 0.2117, 0.1658]","[0.3045, 0.2624, 0.1757, 0.1558, 0.1017]"
tx_ken_paxton_approval_2025_06,dallas,political_approval,approval,5,7.48,11.74,https://texaspolitics.utexas.edu/blog/june-2025-university-of-texas-texas-politics-project-poll-economic-concerns-drag-trump-s-job-approval-underwater-in-texas-while-most-texans-oppose-ban-on-thc-products-dividing-gop-leadership,Do you approve or disapprove of the job Ken Paxton is doing as Attorney General of Texas?,"[""Strongly approve"", ""Somewhat approve"", ""Somewhat disapprove"", ""Strongly disapprove"", ""Not sure""]","[0.16, 0.13, 0.24, 0.19, 0.28]","[0.2017, 0.2375, 0.1848, 0.2277, 0.1482]","[0.3272, 0.2563, 0.1672, 0.1599, 0.0894]"
tx_ted_cruz_approval_2024_06,dallas,political_approval,approval,5,13.15,15.62,https://www.texastribune.org/2024/06/20/ted-cruz-colin-allred-ut-poll-dade-phelan/,Do you approve or disapprove of the job Ted Cruz is doing as U.S. Senator?,"[""Strongly approve"", ""Somewhat approve"", ""Somewhat disapprove"", ""Strongly disapprove"", ""Not sure""]","[0.13, 0.11, 0.17, 0.13, 0.46]","[0.2281, 0.2067, 0.1741, 0.26, 0.1311]","[0.3525, 0.2153, 0.1595, 0.1928, 0.0799]"
tx_trump_approval_2025_06,dallas,political_approval,approval,5,3.8,6.47,https://texaspolitics.utexas.edu/blog/june-2025-university-of-texas-texas-politics-project-poll-economic-concerns-drag-trump-s-job-approval-underwater-in-texas-while-most-texans-oppose-bang-on-thc-products-dividing-gop-leadership,How would you rate the job Donald Trump is doing as president?,"[""Strongly approve"", ""Somewhat approve"", ""Somewhat disapprove"", ""Strongly disapprove"", ""Not sure""]","[0.24, 0.2, 0.26, 0.25, 0.05]","[0.2286, 0.2014, 0.1764, 0.26, 0.1336]","[0.3502, 0.2205, 0.1614, 0.1869, 0.081]"
tx_legislature_approval_2025_06,dallas,political_approval,approval,5,7.13,11.77,https://texaspolitics.utexas.edu/blog/june-2025-university-of-texas-texas-politics-project-poll-economic-concerns-drag-trump-s-job-approval-underwater-in-texas-while-most-texans-oppose-ban-on-thc-products-dividing-gop-leadership,Do you approve or disapprove of the job the Texas Legislature is doing?,"[""Strongly approve"", ""Somewhat approve"", ""Somewhat disapprove"", ""Strongly disapprove"", ""Not sure""]","[0.14, 0.12, 0.25, 0.2, 0.29]","[0.1707, 0.2557, 0.2156, 0.212, 0.146]","[0.301, 0.2534, 0.1964, 0.1565, 0.0927]"
ghy_eric_johnson_approval_march_2023,dallas,political_approval,approval,5,13.39,8.13,https://content.govdelivery.com/attachments/TXDALLAS/2023/03/15/file_attachments/2437314/Garin%20Hart%20Yang%20survey%20memo.pdf,How would you rate the job Dallas Mayor Eric Johnson is doing? Do you approve or disapprove of the job he is doing as mayor?,"[""Strongly approve"", ""Somewhat approve"", ""Somewhat disapprove"", ""Strongly disapprove"", ""Not sure""]","[0.4235, 0.3465, 0.102, 0.069, 0.06]","[0.1436, 0.291, 0.1835, 0.1509, 0.2309]","[0.265, 0.3013, 0.1609, 0.1164, 0.1564]"
yougov_grocery_brand_2025,columbus,brand,brand preference,5,14.41,8.2,,Which grocery store brand would you consider for your next shopping trip?,"[""Walmart"", ""Target"", ""Aldi"", ""Amazon"", ""Other""]","[0.4203, 0.2822, 0.2178, 0.0797, 0.0]","[0.1984, 0.1439, 0.3143, 0.1402, 0.2033]","[0.3298, 0.1677, 0.2773, 0.0973, 0.1279]"
acsi_restaurant_satisfaction_2024,columbus,brand,customer satisfaction,5,17.5,11.83,,How satisfied are you with major grocery stores?,"[""Very satisfied"", ""Somewhat satisfied"", ""Neutral"", ""Somewhat dissatisfied"", ""Very dissatisfied""]","[0.36, 0.43, 0.1, 0.07, 0.04]","[0.1383, 0.2141, 0.1625, 0.254, 0.231]","[0.2667, 0.2275, 0.1586, 0.1934, 0.1539]"
acsi_restaurant_satisfaction_2025,columbus,brand,customer satisfaction,5,17.15,11.19,,How satisfied are you with major grocery stores?,"[""Very satisfied"", ""Somewhat satisfied"", ""Neutral"", ""Somewhat dissatisfied"", ""Very dissatisfied""]","[0.36, 0.43, 0.1, 0.07, 0.04]","[0.1316, 0.2296, 0.1736, 0.2608, 0.2043]","[0.2606, 0.2496, 0.166, 0.194, 0.1297]"
axiosharris_atlanta_brands_2025,atlanta,brand,brand_national,5,6.18,1.43,https://www.axios.com/2025/05/20/axios-harris-poll-company-reputation-ranking,Which of these major companies do you have the most favorable reputation of?,"[""UPS"", ""Home Depot"", ""Delta Air Lines"", ""Coca-Cola"", ""Chick-fil-A""]","[0.25, 0.22, 0.18, 0.17, 0.18]","[0.1419, 0.1806, 0.173, 0.2162, 0.2883]","[0.2631, 0.2025, 0.1618, 0.1704, 0.2022]"
intouch_drivethrough_2025,atlanta,brand,brand_regional,5,6.53,9.34,https://www.intouchinsight.com/press-releases/drive-thru-study-2025-press-release,Which fast-food restaurant do you prefer for drive-thru experience based on overall satisfaction?,"[""Chick-fil-A"", ""Dutch Bros"", ""Arby's"", ""Taco Bell"", ""Raising Cane's""]","[0.27, 0.27, 0.21, 0.15, 0.1]","[0.398, 0.1694, 0.1508, 0.1467, 0.1352]","[0.5034, 0.1702, 0.1252, 0.1122, 0.089]"
acsi_fastfood_chicfila_2025,atlanta,brand,brand_local,5,4.64,6.27,https://theacsi.org/industries/retail/supermarkets/,"Based on your recent experience, which fast-food chain provides the best customer satisfaction?","[""Chick-fil-A"", ""Starbucks"", ""Panda Express"", ""Chipotle"", ""McDonald's""]","[0.36, 0.22, 0.22, 0.14, 0.06]","[0.382, 0.1792, 0.148, 0.1369, 0.154]","[0.4828, 0.1871, 0.1325, 0.1036, 0.0941]"
dunnhumby_grocery_rpi_2026,atlanta,brand,brand_national,5,13.34,6.78,https://www.dunnhumby.com/about-us/news/ninth-annual-us-grocery-rankings/,Which grocery retailer would you most prefer to shop at based on overall customer perception and performance?,"[""H-E-B"", ""Market Basket"", ""Woodman's"", ""Costco"", ""Trader Joe's""]","[0.28, 0.24, 0.22, 0.16, 0.1]","[0.1261, 0.1464, 0.134, 0.3227, 0.2707]","[0.2579, 0.1742, 0.1383, 0.248, 0.1816]"
instacart_hotsauce_georgia_2025,atlanta,brand,brand_local,5,10.87,5.29,https://www.wsbtv.com/news/spicy-insights/XLWCUMLAAU6L3P5C7L2R3SBCM4/,What is Georgia's preferred hot sauce brand by purchase volume on Instacart?,"[""Texas Pete"", ""Frank's RedHot"", ""Huy Fong Foods"", ""Taco Bell"", ""Cholula""]","[0.32, 0.28, 0.22, 0.12, 0.06]","[0.1664, 0.2076, 0.174, 0.1693, 0.2826]","[0.3004, 0.222, 0.1655, 0.1256, 0.1866]"
morningconsult_trusted_brands_2025,atlanta,brand,brand_national,5,6.13,4.62,https://pro.morningconsult.com/analyst-reports/most-trusted-brands-2025,How much do you trust each brand to do what is right?,"[""Trader Joe's"", ""Toyota"", ""Costco"", ""Amazon"", ""Apple""]","[0.26, 0.23, 0.21, 0.18, 0.12]","[0.209, 0.1695, 0.1683, 0.2909, 0.1623]","[0.3351, 0.1771, 0.161, 0.2204, 0.1064]"
yougov_atlanta_city_popularity_2025,atlanta,brand,brand_local,5,14.83,9.93,https://yougov.com/en-us/topics/place/Atlanta_GA,"What is your overall opinion of Atlanta, Georgia as a city?","[""Very Positive"", ""Somewhat Positive"", ""Neutral"", ""Somewhat Negative"", ""Very Negative""]","[0.32, 0.14, 0.34, 0.12, 0.08]","[0.1327, 0.2724, 0.1566, 0.2669, 0.1714]","[0.2603, 0.2759, 0.1514, 0.201, 0.1114]"
kbb_auto_consumer_choice_2024,atlanta,brand,brand_national,5,5.44,5.71,https://mediaroom.kbb.com/2024-03-27-Kelley-Blue-Book-Announces-Winners-of-2024-Consumer-Choice-Awards,Which automotive brand is the best overall non-luxury brand based on consumer preference?,"[""Honda"", ""Dodge"", ""Lexus"", ""Mercedes-Benz"", ""Porsche""]","[0.38, 0.15, 0.2, 0.16, 0.11]","[0.3075, 0.2316, 0.1542, 0.1424, 0.1643]","[0.4282, 0.2445, 0.1351, 0.0946, 0.0975]"
bgsu_economic_sentiment_2025,columbus,policy,multiple_choice,5,4.32,6.83,,What are the three most important issues affecting you?,"[""Economy"", ""Threats to democracy"", ""Healthcare"", ""Immigration"", ""Inflation""]","[0.2545, 0.1939, 0.1879, 0.1879, 0.1758]","[0.2961, 0.1661, 0.208, 0.1077, 0.2221]","[0.4252, 0.1855, 0.1813, 0.0713, 0.1366]"
ajc_gun_laws_jan2025,atlanta,policy,policy,5,17.1,20.71,https://www.ajc.com/politics/politically-georgia/ajc-poll-georgia-voters-worry-about-shootings-but-dont-back-gun-limits/,Do you think Georgia lawmakers should pass stricter gun laws?,"[""Support stricter gun laws"", ""Somewhat support"", ""Somewhat oppose"", ""Oppose stricter gun laws"", ""Not sure""]","[0.28, 0.0, 0.0, 0.59, 0.13]","[0.2888, 0.2448, 0.1637, 0.1626, 0.1401]","[0.4124, 0.2374, 0.1481, 0.1154, 0.0868]"
ajc_ivf_access_jan2025,atlanta,policy,policy,5,9.58,4.92,https://www.ajc.com/politics/politically-georgia/ajc-poll-georgia-voters-worry-about-shootings-but-dont-back-gun-limits/,Would you support legislation that would guarantee access to in vitro fertilization (IVF) treatments?,"[""Strongly support"", ""Support"", ""Oppose"", ""Strongly oppose"", ""Not sure""]","[0.45, 0.35, 0.08, 0.04, 0.08]","[0.2877, 0.2727, 0.1505, 0.1318, 0.1573]","[0.4065, 0.2706, 0.1326, 0.0967, 0.0936]"
arc_housing_oct2025,atlanta,policy,policy,5,9.85,7.62,https://atlantaregional.org/news/research-analytics/housing-affordability-ranks-as-regions-top-concern-arcs-2025-metro-atlanta-speaks-survey-shows/,What is the biggest problem facing metro Atlanta?,"[""Housing affordability"", ""Traffic"", ""Crime"", ""Economy"", ""Other/Not sure""]","[0.28, 0.24, 0.13, 0.13, 0.22]","[0.1768, 0.156, 0.3056, 0.2008, 0.1608]","[0.3051, 0.1652, 0.2735, 0.152, 0.1043]"
state_innovation_medicaid_jan2025,atlanta,policy,policy,5,9.65,4.77,https://stateinnovation.org/pr/poll-georgians-support-healthcare-education-housing,Do you support or oppose Georgia expanding Medicaid to cover more people?,"[""Strongly support"", ""Support"", ""Oppose"", ""Strongly oppose"", ""Not sure""]","[0.4, 0.34, 0.14, 0.08, 0.04]","[0.266, 0.2327, 0.189, 0.1856, 0.1267]","[0.3857, 0.2352, 0.1663, 0.137, 0.0758]"
