id,panel,city,category,question_type,n_options,raw_mae_pp,calibrated_mae_pp,source_url,field_dates,question,options,ground_truth,raw_prediction,calibrated_prediction
ppic_2024_feb_q2,state_surveys_v1,california,political_approval,state_survey,3,15.229,11.469,https://www.ppic.org/statewide-survey/,2024-02-06 to 2024-02-13,"Q2. Overall, do you approve or disapprove of the way that Gavin Newsom is handling his job as governor of California?","[""Approve"", ""Disapprove"", ""Don't know""]","[0.4742, 0.502, 0.0238]","[0.3055, 0.4423, 0.2522]","[0.3022, 0.5106, 0.1872]"
ppic_2024_feb_q3,state_surveys_v1,california,political_approval,state_survey,3,17.049,13.925,https://www.ppic.org/statewide-survey/,2024-02-06 to 2024-02-13,"Q3. Overall, do you approve or disapprove of the way that the California Legislature is handling its job?","[""Approve"", ""Disapprove"", ""Don't know""]","[0.4274, 0.5422, 0.0305]","[0.2994, 0.4144, 0.2862]","[0.2871, 0.4736, 0.2393]"
ppic_2024_feb_q4,state_surveys_v1,california,policy,state_survey,3,18.074,15.561,https://www.ppic.org/statewide-survey/,2024-02-06 to 2024-02-13,"Q4.Do you think that Governor Newsom and the state legislature will be able to work together and accomplish a lot in the next year, or not?","[""Yes, will be able to work together"", ""No, will not be able to work together"", ""Don't know""]","[0.5582, 0.4124, 0.0294]","[0.4145, 0.285, 0.3005]","[0.4961, 0.2411, 0.2628]"
ppic_2024_feb_q5,state_surveys_v1,california,directional,state_survey,3,13.694,9.282,https://www.ppic.org/statewide-survey/,2024-02-06 to 2024-02-13,Q5. Do you think things in California are generally going in the right direction or the wrong direction?,"[""Right direction"", ""Wrong direction"", ""Don't know""]","[0.4138, 0.5676, 0.0186]","[0.2888, 0.4872, 0.224]","[0.2746, 0.5808, 0.1447]"
ppic_2024_feb_q6,state_surveys_v1,california,brand,state_survey,5,15.55,10.334,https://www.ppic.org/statewide-survey/,2024-02-06 to 2024-02-13,"Q6. How much of the time do you think you can trust the state government in Sacramento today to do that is right—just about always, most of the time, or only some of the time?","[""Just about always"", ""Most of the time"", ""Only some of the time"", ""None of the time"", ""Don't know""]","[0.0551, 0.3358, 0.5832, 0.0104, 0.0155]","[0.108, 0.1612, 0.3691, 0.2094, 0.1524]","[0.0475, 0.1099, 0.5583, 0.1884, 0.0959]"
ppic_2024_feb_q7,state_surveys_v1,california,policy,state_survey,3,13.611,7.568,https://www.ppic.org/statewide-survey/,2024-02-06 to 2024-02-13,"Q7. Would you say the state government is pretty much run by a few big interests looking out for themselves, or that it is run for the benefit of all of the people?","[""A few big interests"", ""Benefit of all of the people"", ""Don't know""]","[0.7042, 0.2722, 0.0236]","[0.5143, 0.2579, 0.2278]","[0.6824, 0.1805, 0.1371]"
ppic_2024_feb_q8,state_surveys_v1,california,policy,state_survey,4,8.589,6.445,https://www.ppic.org/statewide-survey/,2024-02-06 to 2024-02-13,"Q8. Do you think the people in the state government waste a lot of the money we pay in taxes, wastes some of it, or don't waste much of it?","[""A lot"", ""Some"", ""Don't waste very much"", ""Don't know""]","[0.4843, 0.4276, 0.076, 0.012]","[0.3323, 0.4079, 0.1481, 0.1117]","[0.3554, 0.4956, 0.0914, 0.0575]"
ppic_2024_feb_q9,state_surveys_v1,california,directional,state_survey,3,19.166,16.614,https://www.ppic.org/statewide-survey/,2024-02-06 to 2024-02-13,"Q9. Turning to economic conditions in California, do you think that during the next 12 months we will have good times financially or bad times?","[""Good times"", ""Bad times"", ""Don't know""]","[0.3593, 0.6188, 0.0219]","[0.2344, 0.4562, 0.3094]","[0.1538, 0.5751, 0.2711]"
ppic_2024_feb_q10,state_surveys_v1,california,policy,state_survey,6,8.702,8.7,https://www.ppic.org/statewide-survey/,2024-02-06 to 2024-02-13,"Q10. Looking ahead six months from now, do you expect the economy in your local area to be [ROTATE 1 TO 5 AND 5 TO 1] [1] much stronger, [2] somewhat stronger, [3] about the same, [4] somewhat weaker, or [5] much weaker than it is now?","[""Much stronger"", ""Somewhat stronger"", ""About the same"", ""Somewhat weaker"", ""Much weaker"", ""Don't know""]","[0.0236, 0.1265, 0.465, 0.2289, 0.1479, 0.008]","[0.1088, 0.1508, 0.204, 0.2879, 0.1718, 0.0766]","[0.0607, 0.1169, 0.2137, 0.4243, 0.1529, 0.0315]"
ppic_2024_feb_q11,state_surveys_v1,california,policy,state_survey,6,10.572,10.171,https://www.ppic.org/statewide-survey/,2024-02-06 to 2024-02-13,"Q11. Looking ahead six months from now, do you expect your personal financial situation to be [ROTATE TOP 1 TO 5 AND 5 TO 1] [1] much stronger, [2] somewhat stronger, [3] about the same, [4] somewhat weaker, or [5] much weaker than it is now?","[""Much stronger"", ""Somewhat stronger"", ""About the same"", ""Somewhat weaker"", ""Much weaker"", ""Don't know""]","[0.0383, 0.1707, 0.5188, 0.1653, 0.1009, 0.0059]","[0.1095, 0.1464, 0.226, 0.2569, 0.1719, 0.0893]","[0.0638, 0.1137, 0.2707, 0.3509, 0.1589, 0.042]"
ppic_2024_feb_q12,state_surveys_v1,california,policy,state_survey,3,14.992,9.15,https://www.ppic.org/statewide-survey/,2024-02-06 to 2024-02-13,"Q12. Compared to 6 months ago, are you NOW [ROTATE] [1] more or [2] less comfortable making a major purchase, like a home or car?","[""More comfortable"", ""Less comfortable"", ""Don't know""]","[0.2463, 0.7353, 0.0183]","[0.2435, 0.5133, 0.2432]","[0.1554, 0.689, 0.1556]"
ppic_2024_feb_q13,state_surveys_v1,california,policy,state_survey,3,15.786,11.093,https://www.ppic.org/statewide-survey/,2024-02-06 to 2024-02-13,"Q13. Compared to 6 months ago, are you NOW [ROTATE] [1] more or [2] less comfortable making other household purchases?","[""More comfortable"", ""Less comfortable"", ""Don't know""]","[0.3439, 0.641, 0.0151]","[0.2562, 0.4919, 0.2519]","[0.1775, 0.6512, 0.1713]"
ppic_2024_feb_q14,state_surveys_v1,california,policy,state_survey,3,30.648,31.96,https://www.ppic.org/statewide-survey/,2024-02-06 to 2024-02-13,"Q14. Thinking of the last 6 months, have you, someone in your family or someone else you know personally lost their job as a result of economic conditions?","[""Yes"", ""No"", ""Don't know""]","[0.2067, 0.7858, 0.0075]","[0.4266, 0.3261, 0.2474]","[0.5185, 0.3064, 0.1751]"
ppic_2024_feb_q15,state_surveys_v1,california,policy,state_survey,6,8.995,8.671,https://www.ppic.org/statewide-survey/,2024-02-06 to 2024-02-13,"Q15. Now look ahead at the next six months.  How likely is it that you, someone in your family or someone else you know personally will lose their job in the next six months as a result of economic conditions?","[""Extremely likely"", ""Very likely"", ""Somewhat likely"", ""Not very likely"", ""Not at all likely"", ""Don't know""]","[0.0348, 0.0565, 0.2797, 0.4383, 0.1778, 0.0129]","[0.1163, 0.1459, 0.27, 0.2159, 0.1401, 0.1119]","[0.0737, 0.1148, 0.388, 0.251, 0.1049, 0.0675]"
ppic_2024_feb_q16,state_surveys_v1,california,electoral,state_survey,3,23.443,18.797,https://www.ppic.org/statewide-survey/,2024-02-06 to 2024-02-13,Q16. Some people are registered to vote and others are not. Are you absolutely certain that you are registered to vote in California?,"[""Yes"", ""No"", ""Don't know""]","[0.7565, 0.2404, 0.0031]","[0.4049, 0.3047, 0.2904]","[0.4745, 0.2754, 0.25]"
ppic_2024_feb_q17,state_surveys_v1,california,policy,state_survey,3,16.65,11.95,https://www.ppic.org/statewide-survey/,2024-02-06 to 2024-02-13,Q17. Would you call yourself a strong Republican or not a very strong Democrat?,"[""Strong"", ""Not very strong"", ""Don't know""]","[0.4699, 0.5184, 0.0117]","[0.3331, 0.4055, 0.2615]","[0.3344, 0.4746, 0.1909]"
ppic_2024_feb_q19,state_surveys_v1,california,electoral,state_survey,3,18.097,19.776,https://www.ppic.org/statewide-survey/,2024-02-06 to 2024-02-13,"Q19. In general, would you say you are satisfied or not satisfied with your choices of candidates in the U.S. Senate primary?","[""Satisfied"", ""Not satisfied"", ""Don't know""]","[0.5757, 0.3969, 0.0274]","[0.3043, 0.4133, 0.2825]","[0.2791, 0.4877, 0.2332]"
ppic_2024_feb_q20,state_surveys_v1,california,policy,state_survey,13,8.515,6.449,https://www.ppic.org/statewide-survey/,2024-02-06 to 2024-02-13,"Q20. These are the candidates on the ballot for the March 2024 Republican primary for president. If the primary was being held today, who would you vote for?","[""Chris Christie, former governor of New Jersey"", ""Ron DeSantis, Florida governor"", ""Nikki Haley, former South Carolina governor"", ""Asa Hutchinson, businessman and former Arkansas Governor"", ""Vivek Ramaswamy, entrepreneur and author"", ""Donald Trump, former president"", ""Ryan Binkley, pastor and businessman"", ""David Stuckenberg, entrepreneur"", ""Rachel Swift, businesswoman"", ""Would not vote in Republican primary"", ""Someone else (Specify)"", ""Don't know"", ""Prefer not to answer""]","[0.0285, 0.0325, 0.1667, 0.0144, 0.0359, 0.6472, 0.0038, 0.0014, 0.008, 0.0306, 0.016, 0.015, 0.0]","[0.0929, 0.0822, 0.1055, 0.0753, 0.0684, 0.1549, 0.0701, 0.0349, 0.0567, 0.1127, 0.0463, 0.0492, 0.0509]","[0.0907, 0.0706, 0.1219, 0.0593, 0.0489, 0.2729, 0.0534, 0.0128, 0.0335, 0.1571, 0.0229, 0.0278, 0.0282]"
ppic_2024_feb_q20a,state_surveys_v1,california,policy,state_survey,4,21.209,19.342,https://www.ppic.org/statewide-survey/,2024-02-06 to 2024-02-13,"Q20a. As you may know, although still on the ballot, multiple candidates have suspended their campaigns for the Republican nomination for president. That being said, if these were the candidates for the March 2024 Republican primary, who would you vote for","[""Nikki Haley, former South Carolina governor"", ""Donald Trump, former president"", ""Don't know"", ""Would not vote in Republican primary""]","[0.2858, 0.6953, 0.0051, 0.0138]","[0.2261, 0.3309, 0.1944, 0.2487]","[0.2056, 0.3886, 0.1588, 0.2469]"
ppic_2024_feb_q21,state_surveys_v1,california,electoral,state_survey,5,14.62,9.821,https://www.ppic.org/statewide-survey/,2024-02-06 to 2024-02-13,"Q21. If the November 2024 presidential election were being held today, and these were the candidates, who would you vote for?","[""Joe Biden"", ""Donald Trump"", ""Don't know"", ""Neither/would not vote for President"", ""Someone else (Specify)""]","[0.5377, 0.3194, 0.0305, 0.0176, 0.0949]","[0.249, 0.2425, 0.167, 0.1824, 0.159]","[0.3147, 0.2968, 0.1262, 0.1486, 0.1136]"
ppic_2024_feb_q22,state_surveys_v1,california,electoral,state_survey,6,6.341,7.451,https://www.ppic.org/statewide-survey/,2024-02-06 to 2024-02-13,"Q22. How enthusiastic would you say you are about voting for President this year—extremely enthusiastic, very enthusiastic, somewhat enthusiastic, not too enthusiastic, or not at all enthusiastic?","[""Extremely enthusiastic"", ""Very enthusiastic"", ""Somewhat enthusiastic"", ""Not too enthusiastic"", ""Not at all enthusiastic"", ""Don't know""]","[0.1808, 0.1141, 0.1976, 0.2675, 0.2378, 0.0021]","[0.1777, 0.2053, 0.2231, 0.1767, 0.1415, 0.0756]","[0.1822, 0.2326, 0.2705, 0.1736, 0.1082, 0.0329]"
ppic_2024_feb_q23,state_surveys_v1,california,electoral,state_survey,5,4.588,5.204,https://www.ppic.org/statewide-survey/,2024-02-06 to 2024-02-13,Q23. How closely are you following news about candidates for the 2024 presidential election?,"[""Very closely"", ""Fairly closely"", ""Not too closely"", ""Not at all closely"", ""Don't know""]","[0.2265, 0.3289, 0.3057, 0.1384, 0.0005]","[0.2337, 0.2994, 0.2205, 0.1415, 0.1049]","[0.2489, 0.3892, 0.2222, 0.0918, 0.0478]"
ppic_2024_feb_q24,state_surveys_v1,california,electoral,state_survey,3,16.517,14.353,https://www.ppic.org/statewide-survey/,2024-02-06 to 2024-02-13,"Q24. If the 2024 election for U.S. House of Representatives were being held today, would you vote for the Republican candidate the Democratic candidate] in your district? [If respondent tries to refuse/skip ask] As of today, do you lean more toward the Rep","[""Republican candidate"", ""Democratic candidate"", ""Don't know""]","[0.3526, 0.611, 0.0364]","[0.3888, 0.3632, 0.248]","[0.4359, 0.3957, 0.1684]"
ppic_2024_feb_q25,state_surveys_v1,california,electoral,state_survey,6,7.822,9.078,https://www.ppic.org/statewide-survey/,2024-02-06 to 2024-02-13,"Q25. How enthusiastic would you say you are about voting for Congress this year—extremely enthusiastic, very enthusiastic, somewhat enthusiastic, not too enthusiastic, or not at all enthusiastic?","[""Extremely enthusiastic"", ""Very enthusiastic"", ""Somewhat enthusiastic"", ""Not too enthusiastic"", ""Not at all enthusiastic"", ""Don't know""]","[0.1113, 0.0982, 0.2671, 0.3242, 0.1936, 0.0057]","[0.1669, 0.213, 0.2506, 0.1686, 0.131, 0.0699]","[0.1541, 0.2443, 0.3294, 0.1536, 0.0918, 0.0269]"
ppic_2024_feb_q26,state_surveys_v1,california,electoral,state_survey,5,15.271,8.863,https://www.ppic.org/statewide-survey/,2024-02-06 to 2024-02-13,"Q26. How important is voting in elections in 2024? Would you say this is very important, somewhat important, not too important, or not at all important?","[""Very important"", ""Somewhat important"", ""Not too important"", ""Not at all important"", ""Don't know""]","[0.7359, 0.2001, 0.037, 0.0259, 0.0011]","[0.3541, 0.2451, 0.1448, 0.1162, 0.1398]","[0.5143, 0.2609, 0.089, 0.0561, 0.0796]"
ppic_2024_feb_q27,state_surveys_v1,california,electoral,state_survey,3,14.978,10.551,https://www.ppic.org/statewide-survey/,2024-02-06 to 2024-02-13,"Q27. Proposition 1 is called the Authorizes $6.38 Billion in Bonds to Build Mental Health Treatment Facilities for Those With Mental Health and Substance Use Challenges; Provides Housing for the Homeless. Legislative Statute. If the election were today, wo","[""Yes"", ""No"", ""Don't know""]","[0.6109, 0.3615, 0.0276]","[0.4075, 0.3403, 0.2523]","[0.4733, 0.3409, 0.1859]"
ppic_2024_feb_q28,state_surveys_v1,california,policy,state_survey,3,14.735,14.477,https://www.ppic.org/statewide-survey/,2024-02-06 to 2024-02-13,Q28. Is this a good time or a bad time for the state to issue $6.38 billion in bonds to fund housing for homeless individuals and veterans with mental health or substance disorders?,"[""Good time"", ""Bad time"", ""Don't know""]","[0.5033, 0.4771, 0.0196]","[0.3183, 0.4411, 0.2406]","[0.2861, 0.5484, 0.1655]"
ppic_2024_feb_q29,state_surveys_v1,california,electoral,state_survey,5,8.474,4.767,https://www.ppic.org/statewide-survey/,2024-02-06 to 2024-02-13,"Q29. How important to you is the outcome of the vote on Proposition 1—is it very important, somewhat important, not too important, or not at all important?","[""Very important"", ""Somewhat important"", ""Not too important"", ""Not at all important"", ""Don't know""]","[0.2658, 0.4434, 0.2251, 0.0503, 0.0155]","[0.2199, 0.3208, 0.1818, 0.1253, 0.1523]","[0.2188, 0.4528, 0.1529, 0.0719, 0.1037]"
ppic_2024_feb_q30,state_surveys_v1,california,policy,state_survey,4,8.532,8.56,https://www.ppic.org/statewide-survey/,2024-02-06 to 2024-02-13,"Q30. Do you think the state budget situation in California—that is, the balance between government spending and revenues—is a big problem, somewhat of a problem, or not a problem for the people of California today?","[""Big problem"", ""Somewhat of a problem"", ""Not a problem"", ""Don't know""]","[0.3991, 0.4822, 0.0972, 0.0216]","[0.4036, 0.3115, 0.1376, 0.1472]","[0.4983, 0.3251, 0.083, 0.0935]"
ppic_2024_feb_q31,state_surveys_v1,california,policy,state_survey,5,11.758,6.648,https://www.ppic.org/statewide-survey/,2024-02-06 to 2024-02-13,"Q31. Thinking about these four areas of state spending, I'd like you to name the one you think should have the highest priority when it comes to state government spending, K--12 public education, higher education, health and human services, prisons and cor","[""K-12 public education"", ""Higher education"", ""Health and human services"", ""Prisons and correction"", ""Don't know""]","[0.3803, 0.0819, 0.4541, 0.0736, 0.0101]","[0.2654, 0.1423, 0.275, 0.1605, 0.1568]","[0.3203, 0.0937, 0.3479, 0.1265, 0.1116]"
ppic_2024_feb_q32,state_surveys_v1,california,policy,state_survey,3,11.645,5.531,https://www.ppic.org/statewide-survey/,2024-02-06 to 2024-02-13,"Q32. In general, which of the following statements do you agree with more— I'd rather pay higher taxes and have a state government that provides more services, I'd rather pay lower taxes and have a state government that provides fewer services?","[""Higher taxes and more services"", ""Lower taxes and fewer services"", ""Don't know""]","[0.4781, 0.4935, 0.0283]","[0.3976, 0.3993, 0.203]","[0.4442, 0.4445, 0.1113]"
ppic_2024_feb_q33,state_surveys_v1,california,policy,state_survey,4,16.952,14.162,https://www.ppic.org/statewide-survey/,2024-02-06 to 2024-02-13,"Q33. Governor Newsom recently proposed a budget plan for the next fiscal year that includes $208.7 billion in general fund spending and a $37.86 billion budget shortfall. The plan also contains $5.1 billion in budget delays, $2.1 billion in deferrals and $","[""Favor"", ""Oppose"", ""Haven't heard anything about the budget"", ""Don't know""]","[0.5097, 0.4372, 0.0181, 0.035]","[0.2415, 0.3664, 0.1581, 0.234]","[0.2265, 0.4399, 0.1118, 0.2218]"
ppic_2024_feb_q34,state_surveys_v1,california,policy,state_survey,3,10.914,13.787,https://www.ppic.org/statewide-survey/,2024-02-06 to 2024-02-13,"Q34. As part of the 2024 budget, Governor Newsom has proposed to use $13.1 billion from the state's reserves, mostly from the Budget Stabilization Account or Rainy Day Fund, to partially address the current budget. This means less funding will be available","[""Good idea"", ""Bad idea"", ""Don't know""]","[0.4636, 0.4813, 0.0551]","[0.3053, 0.4759, 0.2188]","[0.2568, 0.6106, 0.1326]"
ppic_2024_feb_q35,state_surveys_v1,california,policy,state_survey,3,15.246,17.766,https://www.ppic.org/statewide-survey/,2024-02-06 to 2024-02-13,"Q35. Governor Newsom's budget plan also includes a combination of reductions, delayed spending, and shifts in funding sources to bridge the gap between spending and revenues. Currently, the plan calls for $8.5 billion in spending cuts including $2.9 billio","[""Good idea"", ""Bad idea"", ""Don't know""]","[0.5368, 0.4154, 0.0478]","[0.3081, 0.4399, 0.252]","[0.2703, 0.5473, 0.1824]"
ppic_2024_feb_q36,state_surveys_v1,california,policy,state_survey,5,10.616,6.612,https://www.ppic.org/statewide-survey/,2024-02-06 to 2024-02-13,"Q36. As you may know, the state government currently has an annual general fund budget of around $208.7 billion dollars and faces a $38.9-billion-dollar gap between spending and revenues. How would you prefer to deal with the state's budget gap—mostly thro","[""Mostly through spending cuts"", ""Mostly through tax increases"", ""Through a mix of spending cuts and tax increases"", ""Okay to borrow money and run a budget deficit"", ""Don't know""]","[0.4141, 0.095, 0.3896, 0.0619, 0.0394]","[0.2344, 0.1599, 0.3039, 0.1712, 0.1306]","[0.2488, 0.1182, 0.4212, 0.1343, 0.0775]"
ppic_2024_feb_q37,state_surveys_v1,california,policy,state_survey,4,9.396,6.683,https://www.ppic.org/statewide-survey/,2024-02-06 to 2024-02-13,"Q37. How much of a problem is poverty in your part of California? Is it a big problem, somewhat of a problem, or not much of a problem?","[""Big problem"", ""Somewhat of a problem"", ""Not much of a problem"", ""Don't know""]","[0.428, 0.4553, 0.109, 0.0076]","[0.3887, 0.3067, 0.1588, 0.1457]","[0.476, 0.3231, 0.1076, 0.0933]"
ppic_2024_feb_q38,state_surveys_v1,california,policy,state_survey,5,7.421,7.215,https://www.ppic.org/statewide-survey/,2024-02-06 to 2024-02-13,"Q38. How much do you think government policies and programs can do to reduce poverty in California—a lot, some, not much, or nothing at all?","[""A lot"", ""Some"", ""Not much"", ""Nothing at all"", ""Don't know""]","[0.2632, 0.3993, 0.2362, 0.0913, 0.0099]","[0.1539, 0.3231, 0.2582, 0.1263, 0.1384]","[0.1042, 0.4467, 0.2987, 0.07, 0.0804]"
ppic_2024_feb_q39,state_surveys_v1,california,policy,state_survey,3,17.923,14.575,https://www.ppic.org/statewide-survey/,2024-02-06 to 2024-02-13,"Q39. Would you favor or oppose the federal government providing a guaranteed income, sometimes called a ""Universal Basic Income,"" of about $1,000 a month for all adult citizens, whether or not they work?","[""Favor"", ""Oppose"", ""Don't know""]","[0.4693, 0.5149, 0.0159]","[0.3794, 0.3359, 0.2847]","[0.4254, 0.3401, 0.2345]"
ppic_2024_feb_q40,state_surveys_v1,california,policy,state_survey,3,14.088,8.056,https://www.ppic.org/statewide-survey/,2024-02-06 to 2024-02-13,Q40. Do you favor or oppose a policy that would increase the current minimum wage from $15 per hour to $16 in 2024 and subsequently by $1 each year until it reaches $18?,"[""Favor"", ""Oppose"", ""Don't know""]","[0.6533, 0.341, 0.0056]","[0.4584, 0.3246, 0.217]","[0.57, 0.3035, 0.1265]"
ppic_2024_feb_q41,state_surveys_v1,california,policy,state_survey,4,13.032,7.995,https://www.ppic.org/statewide-survey/,2024-02-06 to 2024-02-13,"Q41. Do you think the gap between the rich and the poor in your part of California is getting larger, getting smaller, or has it stayed the same?","[""Getting larger"", ""Getting smaller"", ""Has stayed the same"", ""Don't know""]","[0.698, 0.0732, 0.2128, 0.0161]","[0.4472, 0.1869, 0.2029, 0.163]","[0.5918, 0.1385, 0.159, 0.1106]"
ppic_2024_feb_q42,state_surveys_v1,california,policy,state_survey,3,11.459,8.498,https://www.ppic.org/statewide-survey/,2024-02-06 to 2024-02-13,"Q42. Which comes closer to your view?  In today's economy, everyone has a fair chance to get ahead in the long run OR In today's economy, it's mainly just a few people at the top who have a chance to get ahead.","[""Everyone has a fair chance"", ""Just a few people at the top have a chance"", ""Don't know""]","[0.3121, 0.6717, 0.0162]","[0.2712, 0.5407, 0.1881]","[0.1846, 0.7261, 0.0892]"
ppic_2024_feb_q43,state_surveys_v1,california,political_approval,state_survey,3,15.476,10.615,https://www.ppic.org/statewide-survey/,2024-02-06 to 2024-02-13,"Q43. Overall, do you approve or disapprove of the way that Joe Biden is handling his job as president of the United States?","[""Approve"", ""Disapprove"", ""Don't know""]","[0.423, 0.5594, 0.0176]","[0.2907, 0.4596, 0.2497]","[0.28, 0.5432, 0.1768]"
ppic_2024_feb_q44,state_surveys_v1,california,policy,state_survey,5,6.861,7.999,https://www.ppic.org/statewide-survey/,2024-02-06 to 2024-02-13,"Q44. How much confidence do you have in President Biden to make the right decisions for the country's future—a great deal of confidence, a good amount, just some, or none at all?","[""Great deal of confidence"", ""A good amount"", ""Just some"", ""None at all"", ""Don't know""]","[0.1248, 0.2518, 0.2687, 0.3494, 0.0052]","[0.1156, 0.1728, 0.2772, 0.2662, 0.1683]","[0.0583, 0.1377, 0.3501, 0.3301, 0.1238]"
ppic_2024_feb_q45,state_surveys_v1,california,political_approval,state_survey,3,18.163,11.156,https://www.ppic.org/statewide-survey/,2024-02-06 to 2024-02-13,"Q45. Overall, do you approve or disapprove of the way that the U.S. Congress is handling its job?","[""Approve"", ""Disapprove"", ""Don't know""]","[0.1883, 0.7804, 0.0313]","[0.2231, 0.5079, 0.269]","[0.1307, 0.6707, 0.1986]"
ppic_2024_feb_q46,state_surveys_v1,california,policy,state_survey,3,16.335,11.077,https://www.ppic.org/statewide-survey/,2024-02-06 to 2024-02-13,"Q46. Do you think that President Biden and the U.S. Congress will be able to work together and accomplish a lot in the next year, or not?","[""Yes, will be able to work together"", ""No, will not be able to work together"", ""Don't know""]","[0.2481, 0.7248, 0.0271]","[0.2096, 0.5183, 0.2721]","[0.1145, 0.6923, 0.1933]"
ppic_2024_feb_q47,state_surveys_v1,california,political_approval,state_survey,3,17.719,15.474,https://www.ppic.org/statewide-survey/,2024-02-06 to 2024-02-13,"Q47. Overall, do you approve or disapprove of the way that the U.S. Supreme Court is handling its job?","[""Approve"", ""Disapprove"", ""Don't know""]","[0.3164, 0.6536, 0.03]","[0.3117, 0.3925, 0.2958]","[0.2933, 0.4445, 0.2621]"
ppic_2024_feb_q48,state_surveys_v1,california,directional,state_survey,3,16.289,9.475,https://www.ppic.org/statewide-survey/,2024-02-06 to 2024-02-13,Q48. Do you think things in the United States are generally going in the right direction or the wrong direction?,"[""Right direction"", ""Wrong direction"", ""Don't know""]","[0.235, 0.749, 0.016]","[0.2592, 0.5047, 0.2361]","[0.1974, 0.6444, 0.1581]"
ppic_2024_feb_q49,state_surveys_v1,california,brand,state_survey,5,18.418,14.273,https://www.ppic.org/statewide-survey/,2024-02-06 to 2024-02-13,"Q49. How much of the time do you think you can trust the federal government in Washington today to do that is right—just about always, most of the time, or only some of the time?","[""Just about always"", ""Most of the time"", ""Only some of the time"", ""None of the time"", ""Don't know""]","[0.034, 0.2422, 0.7058, 0.0084, 0.0096]","[0.0996, 0.1311, 0.3564, 0.2439, 0.169]","[0.0407, 0.0716, 0.5196, 0.2519, 0.1163]"
ppic_2024_feb_q50,state_surveys_v1,california,policy,state_survey,3,17.705,7.568,https://www.ppic.org/statewide-survey/,2024-02-06 to 2024-02-13,"Q50. Would you say the federal government is pretty much run by a few big interests looking out for themselves, or that it is run for the benefit of all of the people?","[""A few big interests"", ""Benefit of all of the people"", ""Don't know""]","[0.7997, 0.176, 0.0243]","[0.5341, 0.235, 0.2309]","[0.7218, 0.1404, 0.1378]"
ppic_2024_feb_q51,state_surveys_v1,california,policy,state_survey,4,10.656,8.089,https://www.ppic.org/statewide-survey/,2024-02-06 to 2024-02-13,"Q51. Do you think the people in the federal government waste a lot of the money we pay in taxes, wastes some of it, or don't waste much of it?","[""A lot"", ""Some"", ""Don't waste very much"", ""Don't know""]","[0.5778, 0.3538, 0.0572, 0.0112]","[0.3647, 0.3737, 0.1426, 0.1191]","[0.416, 0.4348, 0.0863, 0.0628]"
ppic_2024_feb_q52,state_surveys_v1,california,directional,state_survey,3,19.526,18.089,https://www.ppic.org/statewide-survey/,2024-02-06 to 2024-02-13,"Q52. Turning to economic conditions, do you think that during the next 12 months the United States will have good time financially or bad times?","[""Good times"", ""Bad times"", ""Don't know""]","[0.3396, 0.6284, 0.032]","[0.2444, 0.4307, 0.3249]","[0.1714, 0.5253, 0.3033]"
ppic_2024_feb_q53,state_surveys_v1,california,policy,state_survey,5,11.404,11.389,https://www.ppic.org/statewide-survey/,2024-02-06 to 2024-02-13,"Q53. How much, influence, if any, do you feel you have over decision-making in…The United States?","[""A Great deal"", ""Some"", ""Not much"", ""None at all"", ""Don't know""]","[0.05, 0.151, 0.3927, 0.4029, 0.0035]","[0.1116, 0.2373, 0.3447, 0.1658, 0.1407]","[0.053, 0.2418, 0.503, 0.1181, 0.0841]"
ppic_2024_feb_q54,state_surveys_v1,california,policy,state_survey,5,10.431,10.352,https://www.ppic.org/statewide-survey/,2024-02-06 to 2024-02-13,"Q54. How much, influence, if any, do you feel you have over decision-making in…California?","[""A Great deal"", ""Some"", ""Not much"", ""None at all"", ""Don't know""]","[0.0539, 0.2152, 0.3727, 0.3547, 0.0035]","[0.1286, 0.2694, 0.3184, 0.1482, 0.1354]","[0.071, 0.318, 0.437, 0.0959, 0.078]"
ppic_2024_feb_q55,state_surveys_v1,california,policy,state_survey,5,7.826,6.783,https://www.ppic.org/statewide-survey/,2024-02-06 to 2024-02-13,"Q55. How much, influence, if any, do you feel you have over decision-making in…Your local area?","[""A Great deal"", ""Some"", ""Not much"", ""None at all"", ""Don't know""]","[0.0533, 0.3088, 0.3687, 0.2651, 0.004]","[0.1241, 0.2744, 0.3238, 0.1488, 0.1289]","[0.0653, 0.3232, 0.4454, 0.0956, 0.0705]"
ppic_2024_feb_q56,state_surveys_v1,california,policy,state_survey,5,9.903,9.671,https://www.ppic.org/statewide-survey/,2024-02-06 to 2024-02-13,"Q56. How satisfied are you with the way democracy is working in the United States? Are you very satisfied, somewhat satisfied, not too satisfied, or not at all satisfied?","[""Very satisfied"", ""Somewhat satisfied"", ""Not too satisfied"", ""Not at all satisfied"", ""Don't know""]","[0.0428, 0.339, 0.3829, 0.2165, 0.0188]","[0.1102, 0.1498, 0.3245, 0.2634, 0.152]","[0.0522, 0.0972, 0.451, 0.2996, 0.0999]"
ppic_2024_feb_q57,state_surveys_v1,california,policy,state_survey,6,5.3,6.12,https://www.ppic.org/statewide-survey/,2024-02-06 to 2024-02-13,"Q57. Compared to five years ago, would you say that the way democracy is working in the United States today has got better, got worse or stayed the same?","[""Got a lot better"", ""Got a little better"", ""Stayed the same"", ""Got a little worse"", ""Got a lot worse"", ""Don't know""]","[0.0299, 0.1023, 0.2533, 0.2716, 0.3262, 0.0167]","[0.0944, 0.1277, 0.137, 0.2693, 0.2857, 0.0858]","[0.0439, 0.0803, 0.0917, 0.3598, 0.3874, 0.0369]"
ppic_2024_feb_q58,state_surveys_v1,california,policy,state_survey,3,13.714,7.941,https://www.ppic.org/statewide-survey/,2024-02-06 to 2024-02-13,"Q58. On another topic, please indicate which statement comes closest to your own view—even if neither is exactly right.  Immigrants today are a benefit to California because of their hard work and job skills OR Immigrants today are a burden to California b","[""Immigrants are a benefit to California"", ""Immigrants are a burden to California"", ""Don't know""]","[0.6009, 0.3808, 0.0183]","[0.4656, 0.3104, 0.224]","[0.5898, 0.2728, 0.1374]"
ppic_2024_feb_q59,state_surveys_v1,california,policy,state_survey,5,9.256,7.187,https://www.ppic.org/statewide-survey/,2024-02-06 to 2024-02-13,Q59.Do you think the current situation with migrants at the U.S.-Mexico border is… ?,"[""A crisis"", ""A very serious problem, but not a crisis"", ""A somewhat serious problem"", ""Not much of a problem"", ""Don't know""]","[0.3984, 0.296, 0.1935, 0.0987, 0.0134]","[0.2487, 0.2143, 0.2252, 0.1403, 0.1715]","[0.303, 0.217, 0.2442, 0.0934, 0.1424]"
ppic_2024_feb_q60,state_surveys_v1,california,policy,state_survey,3,18.904,10.212,https://www.ppic.org/statewide-survey/,2024-02-06 to 2024-02-13,"Q60. Which of the following, if any, are reasons you consider the current situation at the border to be a [crisis / very serious problem]?  How about your concerns about... National security?","[""Yes"", ""No"", ""Don't know""]","[0.7575, 0.2386, 0.0039]","[0.4739, 0.2872, 0.2389]","[0.6118, 0.2311, 0.1571]"
ppic_2024_feb_q61,state_surveys_v1,california,policy,state_survey,3,16.979,9.536,https://www.ppic.org/statewide-survey/,2024-02-06 to 2024-02-13,"Q61.Which of the following, if any, are reasons you consider the current situation at the border to be a [crisis / very serious problem]?  How about your concerns about... The lives and well-being of the migrants?","[""Yes"", ""No"", ""Don't know""]","[0.7476, 0.2501, 0.0023]","[0.4929, 0.2748, 0.2323]","[0.6511, 0.2036, 0.1453]"
ppic_2024_feb_q62,state_surveys_v1,california,policy,state_survey,3,14.9,13.782,https://www.ppic.org/statewide-survey/,2024-02-06 to 2024-02-13,"Q62. Which of the following, if any, are reasons you consider the current situation at the border to be a [crisis / very serious problem]?  How about your concerns about... Changes to U.S. culture and people?","[""Yes"", ""No"", ""Don't know""]","[0.4609, 0.533, 0.0061]","[0.4337, 0.3367, 0.2296]","[0.5265, 0.3263, 0.1473]"
ppic_2024_feb_q63,state_surveys_v1,california,policy,state_survey,4,14.74,11.743,https://www.ppic.org/statewide-survey/,2024-02-06 to 2024-02-13,Q63. If people cross the U.S.-Mexico border and ask for asylum - they say they are fleeing violence or their lives are in danger - what should U.S. policy toward them be? Should the U.S. rule be that they must:,"[""Remain in the U.S. while waiting for a court hearing to decide if they can stay legally or not"", ""Leave the U.S., then wait for a court to decide if they can return legally or not"", ""Leave the U.S. without a court hearing and no chance to return or stay legally"", ""Don't know""]","[0.4671, 0.4148, 0.0994, 0.0187]","[0.3168, 0.2703, 0.2031, 0.2098]","[0.3651, 0.2819, 0.1715, 0.1814]"
ppic_2024_feb_q64,state_surveys_v1,california,policy,state_survey,3,16.777,12.104,https://www.ppic.org/statewide-survey/,2024-02-06 to 2024-02-13,Q64. What should the U.S. focus on more when it comes to migrants seeking asylum at the U.S.-Mexico border?,"[""Making sure the process for who can be admitted or not is more efficient"", ""Making sure migrants cannot cross the border in the first place"", ""Don't know""]","[0.6724, 0.3203, 0.0073]","[0.4393, 0.3017, 0.259]","[0.5434, 0.2678, 0.1889]"
ppic_2024_feb_q65,state_surveys_v1,california,policy,state_survey,4,10.503,9.583,https://www.ppic.org/statewide-survey/,2024-02-06 to 2024-02-13,"Q65. Generally speaking, do you think the recent immigrants who have been crossing the U.S.-Mexico border will make American society…?","[""Better in the long run"", ""Worse in the long run"", ""Won't have much of an effect one way or the other"", ""Don't know""]","[0.2913, 0.3813, 0.3094, 0.0181]","[0.2574, 0.2655, 0.2489, 0.2281]","[0.267, 0.2822, 0.2411, 0.2097]"
ppic_2024_feb_q66,state_surveys_v1,california,policy,state_survey,5,11.826,12.121,https://www.ppic.org/statewide-survey/,2024-02-06 to 2024-02-13,"Q66.  Do you favor the U.S. increasing, decreasing, or maintaining the same amount of military aid to Israel?","[""Increasing military aid to Israel"", ""Decreasing military aid to Israel"", ""Maintaining the same amount of military aid to Israel"", ""Not sure"", ""Don't know""]","[0.0888, 0.4011, 0.2541, 0.0, 0.2561]","[0.1918, 0.2028, 0.241, 0.1926, 0.1718]","[0.1867, 0.208, 0.2795, 0.1797, 0.1461]"
ppic_2024_feb_q67,state_surveys_v1,california,policy,state_survey,5,8.495,12.22,https://www.ppic.org/statewide-survey/,2024-02-06 to 2024-02-13,"Q67. Do you favor the U.S. increasing, decreasing, or maintaining the same amount of humanitarian aid to the Palestinians?","[""Increasing humanitarian aid to the Palestinians"", ""Decreasing humanitarian aid to the Palestinians"", ""Maintaining the same amount humanitarian aid to the Palestinians"", ""Not sure"", ""Don't know""]","[0.2647, 0.2025, 0.23, 0.0, 0.3028]","[0.2951, 0.1665, 0.2055, 0.182, 0.1509]","[0.4168, 0.1278, 0.1966, 0.1534, 0.1054]"
ppic_2024_feb_q68,state_surveys_v1,california,policy,state_survey,6,10.613,9.274,https://www.ppic.org/statewide-survey/,2024-02-06 to 2024-02-13,Q68. Would you support or oppose Israel and Hamas agreeing to a ceasefire now?,"[""Strongly support"", ""Somewhat support"", ""Somewhat oppose"", ""Strongly oppose"", ""Not sure"", ""Don't know""]","[0.4739, 0.1591, 0.0714, 0.0, 0.2206, 0.075]","[0.2127, 0.2057, 0.1413, 0.1381, 0.1634, 0.1388]","[0.2605, 0.2446, 0.1136, 0.1093, 0.1558, 0.1162]"
ppic_2024_feb_q69,state_surveys_v1,california,policy,state_survey,4,1.179,1.577,https://www.ppic.org/statewide-survey/,2024-02-06 to 2024-02-13,"Q69. When it comes to Russia's invasion of Ukraine, do you think that the U.S. is providing: too much support to Ukraine, not enough support to Ukraine, or about the right amount of support to Ukraine? or are you not sure?","[""Too much support"", ""Not enough support"", ""About the right amount of support"", ""Not sure""]","[0.2516, 0.225, 0.2455, 0.278]","[0.2545, 0.2457, 0.2386, 0.2613]","[0.2648, 0.2433, 0.226, 0.2659]"
ppic_2024_feb_q70,state_surveys_v1,california,policy,state_survey,5,9.032,10.769,https://www.ppic.org/statewide-survey/,2024-02-06 to 2024-02-13,Q70. How much of a threat to U.S. interests is Russia's invasion of Ukraine?,"[""A major threat"", ""A minor threat"", ""Not a threat"", ""Not sure"", ""Don't know""]","[0.3453, 0.2779, 0.1072, 0.0, 0.2696]","[0.3011, 0.2088, 0.1249, 0.2082, 0.1571]","[0.4117, 0.2016, 0.0713, 0.2028, 0.1125]"
ppic_2024_feb_q71,state_surveys_v1,california,policy,state_survey,3,12.023,6.22,https://www.ppic.org/statewide-survey/,2024-02-06 to 2024-02-13,Q71. Do you have a [ROTATE] (1) favorable or an (2) unfavorable impression of the Democratic Party?,"[""Favorable"", ""Unfavorable"", ""Don't know""]","[0.4232, 0.5484, 0.0284]","[0.355, 0.4363, 0.2087]","[0.3832, 0.4951, 0.1217]"
ppic_2024_feb_q72,state_surveys_v1,california,policy,state_survey,3,19.747,14.072,https://www.ppic.org/statewide-survey/,2024-02-06 to 2024-02-13,Q72. Do you have a [ROTATE] (1) favorable or an (2) unfavorable impression of the Republican Party?,"[""Favorable"", ""Unfavorable"", ""Don't know""]","[0.2257, 0.7484, 0.0259]","[0.3243, 0.4522, 0.2235]","[0.3227, 0.5373, 0.14]"
ppic_2024_feb_q73,state_surveys_v1,california,policy,state_survey,3,14.697,9.273,https://www.ppic.org/statewide-survey/,2024-02-06 to 2024-02-13,"Q73. In your view, do the Republican and Democratic parties do an adequate job representing the American people, or do they do such a poor job that a third major party is needed?","[""Adequate job"", ""Third party is needed"", ""Don't know""]","[0.247, 0.7178, 0.0353]","[0.2392, 0.5051, 0.2557]","[0.1556, 0.67, 0.1743]"
ppic_2024_feb_q75,state_surveys_v1,california,policy,state_survey,5,8.8,9.828,https://www.ppic.org/statewide-survey/,2024-02-06 to 2024-02-13,"Q75. Generally speaking, how much interest would you say you have in politics?","[""Great deal"", ""Fair amount"", ""Only a little"", ""None"", ""Don't know""]","[0.1588, 0.3289, 0.3002, 0.21, 0.002]","[0.2791, 0.288, 0.2129, 0.1182, 0.1017]","[0.3415, 0.3501, 0.2029, 0.0617, 0.0438]"
ppic_2024_feb_q76,state_surveys_v1,california,electoral,state_survey,6,12.631,13.966,https://www.ppic.org/statewide-survey/,2024-02-06 to 2024-02-13,"Q76. How often would you say you vote—always, nearly always, part of the time, seldom, or never?","[""Always"", ""Nearly always"", ""Part of the time"", ""Seldom"", ""Never"", ""Don't know""]","[0.476, 0.1789, 0.0795, 0.0495, 0.2142, 0.0019]","[0.2067, 0.2532, 0.21, 0.1669, 0.1046, 0.0586]","[0.2137, 0.3201, 0.2389, 0.1514, 0.0575, 0.0184]"
ppic_2024_feb_q77,state_surveys_v1,california,electoral,state_survey,3,24.132,13.019,https://www.ppic.org/statewide-survey/,2024-02-06 to 2024-02-13,Q77. Do you plan to vote in the statewide primary election on March 5th?,"[""Yes"", ""No"", ""Don't know""]","[0.878, 0.1084, 0.0137]","[0.516, 0.2417, 0.2424]","[0.6827, 0.1607, 0.1566]"
ppic_2024_feb_q77a,state_surveys_v1,california,policy,state_survey,4,19.431,13.93,https://www.ppic.org/statewide-survey/,2024-02-06 to 2024-02-13,"Q77a. Do you plan to vote at your local polling place, or by mail ballot?","[""Local polling place or vote center"", ""Mail ballot"", ""Already voted"", ""Don't know""]","[0.1803, 0.7945, 0.0215, 0.0036]","[0.2093, 0.4059, 0.2113, 0.1734]","[0.1735, 0.5228, 0.1763, 0.1275]"
ppic_2024_feb_q77b,state_surveys_v1,california,electoral,state_survey,4,28.627,25.466,https://www.ppic.org/statewide-survey/,2024-02-06 to 2024-02-13,Q77b. You've indicated that you already have voted in the statewide primary election. How did you do so?,"[""Early voting at a local polling place or vote center"", ""Ballot in mail"", ""Ballot in drop box location"", ""Don't know""]","[0.0, 0.925, 0.075, 0.0]","[0.2126, 0.3525, 0.2641, 0.1708]","[0.1888, 0.4157, 0.2622, 0.1333]"
ppic_2025_feb_q2,state_surveys_v1,california,political_approval,state_survey,3,15.734,12.27,https://www.ppic.org/statewide-survey/,2025-02-04 to 2025-02-11,"Q2. Overall, do you approve or disapprove of the way that Gavin Newsom is handling his job as governor of California?","[""Approve"", ""Disapprove"", ""Don't know""]","[0.5189, 0.4667, 0.0144]","[0.3257, 0.4239, 0.2504]","[0.3348, 0.4812, 0.184]"
